91246
94431
94657
113545
115004
115441
115529
116917
117845
118728
118878
121590
123850
124243
125632
125650
125958
125980
126042
126098
126206
126797
126999
128514
129849
129881
129887
130454
130732
130962
131078
131536
131654
131755
131838
131878
132082
132379
132981
133409
133677
133992
134025
134840
134965
135202
135414
135733
135819
135935
136560
136630
136710
136824
136878
136886
136994
137030
137240
137292
137375
137583
137585
137587
137741
137873
137962
137994
138098
138180
138228
138296
138316
138324
138348
138502
139112
139569
139845
139851
140164
140200
140399
141096
141297
141442
141458
141470
141598
141747
142214
142517
142610
142977
143408
143460
143492
143494
143521
143539
143701
143709
144178
144180
144528
144720
144882
144990
145122
145833
145861
146044
146058
146070
146072
146080
146086
146092
146094
146098
146100
146102
146104
146116
146160
146192
146216
146222
146226
146246
146382
146406
146429
147120
147841
147915
147917
148390
148464
148691
148958
148960
149128
149182
149462
149646
149674
149883
149984
150004
150362
150671
151497
151517
151545
151585
151975
151985
152246
152320
152332
152523
152567
152631
152635
152672
152725
152763
152818
152840
152898
152904
152906
152930
152932
152956
153008
153098
153184
153574
153590
153598
153616
153642
153700
153736
153849
153855
153871
153889
154172
154206
154260
154360
154386
154530
154586
154654
154662
154776
154808
154870
154876
154884
154886
154892
154904
154949
155028
155243
155593
155764
155786
155794
155870
156015
156077
156585
156686
156708
156724
157063
157278
157320
157787
157789
157791
157795
157815
157833
157971
158013
158017
158062
158121
158133
158143
158272
158364
158451
158675
158838
159109
159113
159123
159125
159141
159143
159145
159295
159325
159471
159473
159947
160128
160173
160295
160535
160614
160624
160814
160966
160968
160970
161300
161320
161558
161610
161642
161790
161800
161806
162238
162398
162400
162698
162770
162836
162904
163016
163026
163583
163595
163975
164011
164091
164169
164439
164445
164530
164819
165165
165273
165321
165385
165519
166159
166175
166219
166289
166375
166421
166697
167022
167024
167092
167328
167458
167464
167496
167504
167518
167524
167526
167530
167614
167758
167862
168078
168180
168340
168538
168716
168746
168790
168810
168890
168906
168908
169270
169448
169532
169620
169638
169678
169936
169972
170018
170109
170325
170451
170463
170619
170721
170727
170911
171033
171065
171281
171401
171451
172177
172199
172285
172419
172443
172451
172499
172631
172661
172739
172857
172903
172915
173019
173217
173275
173279
173339
173409
173579
174027
174029
174061
174097
174113
174117
174121
174125
174127
174129
174139
174189
174309
174321
174375
174437
174555
174625
174903
175029
175059
175335
175349
175377
175403
175459
175555
175915
175929
175975
176027
176071
176091
176221
176233
176441
176479
176481
176777
176795
176989
177005
177017
177071
177173
177265
177505
177551
177589
177641
177707
177843
177973
177975
178105
178429
178549
178555
178781
179117
179147
179149
179271
179459
179469
179487
179843
179935
179971
180003
180083
180143
180167
180193
180195
180213
180397
180413
181117
181327
181351
181361
181377
181407
181561
181637
181641
181675
181683
181693
181717
182323
182431
182433
182519
182521
182525
182529
182533
182719
182723
182761
182789
182801
182833
182961
182977
183009
183027
183067
183167
183253
183283
183357
183371
183427
183443
183587
183665
183687
183871
183947
184083
184271
184483
185139
185159
185243
185291
185573
185653
185657
185659
185667
185675
185691
185837
185913
186093
186313
186373
186375
186387
186489
186789
186801
186951
187011
187013
187155
187177
187209
187307
187327
187451
187525
187699
187763
187821
188129
188323
188595
188703
188801
188901
188903
188907
189335
189571
189707
189725
189881
190061
190071
190163
190237
190285
190289
190375
190381
190409
190463
190533
190597
190701
190703
190713
190725
190727
190855
190969
190971
191021
191259
191263
191275
191353
191391
191403
191411
191433
191443
191467
191641
191809
191943
191955
191993
192001
192031
192421
193097
193163
193191
193365
193391
193437
193529
193659
193709
193789
193791
193870
